123 12 456789 0.9
456 45 123456 0.8
789 78 789123 0.7
321 21 987654 0.6
654 54 321987 0.5
987 87 654321 0.4
135 31 246813 0.3
246 62 135792 0.2
579 75 864209 0.1
864 48 579531 0.9
975 57 864420 0.8
420 24 975753 0.7
753 37 420186 0.6
186 81 753492 0.5
492 29 186375 0.4
375 53 492810 0.3
810 18 375964 0.2
964 46 810357 0.1
357 73 964281 0.9
281 18 357964 0.8
159 91 281753 0.7
753 37 159642 0.6
642 26 753189 0.5
189 81 642375 0.4
375 53 189420 0.3
420 24 375186 0.2
186 81 420753 0.1
753 37 186492 0.9
492 29 753810 0.8
810 18 492357 0.7
357 73 810964 0.6
964 46 357281 0.5
281 18 964159 0.4
159 91 281753 0.3
753 37 159642 0.2
642 26 753189 0.1
189 81 642375 0.9
375 53 189420 0.8
420 24 375186 0.7
186 81 420753 0.6
753 37 186492 0.5
492 29 753810 0.4
810 18 492357 0.3
357 73 810964 0.2
964 46 357281 0.1
281 18 964159 0.9
159 91 281753 0.8
753 37 159642 0.7
642 26 753189 0.6
189 81 642375 0.5
